.Random.seed <-
c(403L, 1L, -1195156284L, 2111967466L, -222165163L, -1714186001L, 
-359313674L, -1916503520L, 1462693859L, 1591444609L, -251637008L, 
794622350L, 1556518649L, -595303285L, -2072113990L, -444512324L, 
1421767935L, -879568811L, -1412207764L, -1319763006L, -329300963L, 
923579543L, 1517896190L, -1358085704L, 1189498267L, 628036601L, 
484629320L, 1879389814L, -194465871L, -1251356189L, 1298224818L, 
1239051012L, -1927735225L, -2117890275L, -2035116652L, 2044246330L, 
1415898501L, 1678716511L, -1500874522L, 1509604208L, -1641456493L, 
588892465L, 1458835424L, 767030398L, -1646807287L, 2086172987L, 
-1240031990L, -1183525652L, -1182940817L, -198637915L, 986732636L, 
55210034L, -743364819L, 80651751L, 664803598L, 397475560L, -1577053973L, 
42963337L, -1666379496L, -1634425786L, -659477343L, 1892004659L, 
757439138L, -1991478892L, 776192023L, 1304958989L, -1266332380L, 
-681412342L, 757223541L, 1400028111L, -2101580586L, 1138793600L, 
-1082031421L, 1783164001L, -87241520L, 1343938094L, -1113546791L, 
-1587003413L, 124966490L, -747376612L, -1891431137L, -1151013515L, 
-92808180L, -510280222L, 1784282813L, -78472905L, -1080607266L, 
-1580231912L, -1040442757L, -670509031L, 1544720552L, -248655274L, 
-121741615L, -535089533L, 821912850L, 633917604L, -1219719065L, 
-616472131L, 1469360948L, -1148313446L, -49912091L, 1484755071L, 
938953222L, -2033453680L, 1663305779L, 1818060753L, 1243409792L, 
531701854L, -1348907095L, 1323161179L, 1781852778L, 838784780L, 
-1476222641L, 740080133L, -77477700L, -1337433710L, -1727366515L, 
1589110983L, 1051909550L, 579536904L, 749345803L, 683997417L, 
1522931640L, -1634439066L, -385138431L, -1898342509L, -1610815422L, 
82558964L, -2092885513L, 956354029L, 555458180L, 899039402L, 
-675541483L, 2054468271L, 337823926L, 1870563040L, -2019427805L, 
-440687295L, -241674192L, 582550094L, -1799772487L, -1639603509L, 
-1131621510L, -1229356420L, 359216831L, -968802411L, 1894086572L, 
1522795906L, -1793447075L, -1953028521L, -1507920578L, 968254840L, 
-306571685L, -1940430407L, -774855672L, 756702902L, 20254193L, 
1118127139L, -1953014670L, 1394704068L, 557553799L, 1369111645L, 
-1936661932L, 1696184442L, -493806651L, 476196127L, 1388444838L, 
1685925424L, -113158957L, 2074565361L, -1385428448L, 895708350L, 
-883296055L, -1339250053L, -756244406L, 1880731820L, -696997969L, 
-1017539739L, -1068922596L, -2021658254L, 338088429L, 525153831L, 
878589518L, -1936467288L, -1094862677L, -1489681975L, -1789882920L, 
220863622L, 199999841L, 1415316723L, 2008009570L, 1262257620L, 
370086103L, 232325837L, 547398244L, 2051536970L, 1901104565L, 
-1204072177L, 24882710L, -2113787712L, -46981501L, 1827920545L, 
-739013488L, 811583342L, 42877209L, 402457003L, -438354022L, 
-820900004L, 1291009631L, 1670557237L, -1295053364L, 1837141282L, 
1754806141L, -1648440201L, -71937634L, 1642489944L, 508073403L, 
-1831822503L, 869173480L, 712378646L, 568744593L, -1774217405L, 
-2053201326L, 39806180L, -1812672729L, 29338493L, -1755640204L, 
482807898L, -670447451L, 321522224L, 539170492L, 217106260L, 
-877283774L, 1765988256L, -1902263108L, -234761776L, 570454370L, 
898338792L, 331707340L, -655018244L, -1517915150L, 69225600L, 
-2143205132L, -2022956920L, -1206062790L, 1488653136L, -632270740L, 
749284500L, 1835701586L, -1238041888L, -1700135732L, -804232032L, 
871974274L, -894954264L, 675030252L, 861907004L, -1714508686L, 
-713487248L, 693506596L, 2144482872L, -661183974L, 1562692816L, 
1835126332L, -134625132L, 78541954L, 1378694080L, 407587132L, 
1345916560L, 106337314L, -895041528L, 1284686988L, 468286492L, 
1122799762L, 1065065600L, -978252780L, 790505256L, -690253766L, 
-2023794480L, 1470464108L, 1762645684L, 1598553106L, -567553056L, 
656286668L, 23939552L, 417273890L, 1988316456L, -1011367668L, 
1199522364L, 1410230514L, -653923088L, -888807612L, -151323560L, 
1713995322L, 1449875696L, -998422852L, -774725100L, 379397314L, 
280484448L, 2093506940L, 1077681360L, 185315362L, 1227306152L, 
994308492L, 1238397372L, -2054820814L, -461910208L, -886666572L, 
1478393160L, -1365346630L, 1276652304L, -1651943188L, -863867820L, 
-1940442350L, 634236320L, -1799206964L, 474127200L, -1606841150L, 
-1867435480L, -312353364L, 1946456892L, -848855182L, -414052560L, 
2018405412L, 1454592568L, -1170811174L, -1777794160L, -510639876L, 
1905297812L, 572746562L, -561270272L, -1151265732L, -1965766064L, 
1809749154L, -1200777400L, 1448125964L, 355288796L, 602210386L, 
-598310784L, 1310991188L, 1142698984L, 1760461562L, 1504898896L, 
-588165076L, 1771286900L, 2035350162L, -1510567328L, 1562815628L, 
-968237728L, 314589410L, -1461434200L, -1312070964L, 1706911228L, 
-442665038L, 1130266608L, 1346641348L, 72939864L, 1013149050L, 
-124424784L, 1970575804L, 494357076L, 25288130L, -457852128L, 
1516051388L, 662168656L, -1318680606L, 2062216040L, 601044812L, 
906926844L, -2124131598L, 840769792L, -2038709132L, -481691128L, 
-2006691398L, -1053992496L, 1379193836L, 910153620L, -1532054318L, 
788942944L, 2060200268L, 2142441248L, -1010707838L, 517640680L, 
722613228L, -140861892L, 169132658L, 315901808L, 1393631524L, 
-1018687944L, 1500241306L, 470709712L, 1367413180L, 859613844L, 
1386665602L, -605537856L, 922885948L, 589956752L, 1472049954L, 
760958472L, 435967756L, 527277980L, -132544494L, 743502720L, 
1852759828L, 695523624L, -155604934L, 1538484176L, -812637588L, 
-439552972L, 1262754962L, -2141067936L, -1513352884L, 1833030112L, 
-1450834014L, 718663592L, 685653132L, -120890436L, 1645363314L, 
-1810951184L, 625504324L, -1766370216L, 246757434L, -1912024976L, 
36448828L, -769279212L, -991113534L, -739868960L, -1096043396L, 
1774166224L, 989500322L, 769434152L, 208887052L, -696882244L, 
1812163890L, 1577989312L, -1116438988L, -1798793528L, 100404922L, 
1854630032L, 392342252L, -75640236L, -18934126L, 182455072L, 
833375180L, -176085792L, -1577653566L, -236003288L, 12067756L, 
-1861008708L, -57111054L, 1649036848L, 1639319460L, 903005624L, 
1939818330L, 1926342800L, 2035237756L, 210303764L, 85152205L, 
-390322950L, 1182672696L, 1149646049L, 1748408211L, 102337460L, 
-2067824446L, -358738729L, 562184481L, -1863448346L, -1827766812L, 
1521326357L, 1950142783L, 1105591512L, -979372810L, 1922944771L, 
687122501L, 494553186L, 562855888L, -889191175L, -1467429333L, 
1670306204L, -699209270L, -619550017L, -387965943L, -1808327394L, 
698745036L, 1891001501L, -316524249L, -934771888L, 1422401006L, 
1167813275L, 1842543869L, -1851087894L, -85773176L, -2078045647L, 
285932707L, -628105052L, 1765364050L, -1766478681L, -448427791L, 
-1187684298L, 1531478228L, -474893211L, 911060591L, 1330794664L, 
1951333894L, 1545609011L, -729687147L, -1212960782L, 64130112L, 
-308578903L, -2023007205L, -236414484L, 2123366906L, -482236881L, 
1765687865L, 159816782L, 57574556L, -487262707L, -2040333705L, 
1781893760L, -1195925282L, -1056298069L, 2138129581L, 79927578L, 
-605336104L, -557058495L, 1163406579L, -1837090028L, 899865250L, 
-1800817737L, 1009905537L, -438512250L, 303495108L, 97032949L, 
-1435455649L, 700887480L, 1278953622L, 1290841763L, 553799781L, 
1970218370L, -421767440L, 1682754201L, 900869771L, 1060818812L, 
703119786L, 65128927L, -81584279L, 166913918L, 1905864556L, 708842429L, 
-1312653177L, -1719616400L, 2097067790L, 1493445691L, -155704547L, 
1972619722L, 205992680L, -823544367L, -2079127613L, 556716228L, 
-7254158L, -2025426361L, -144895471L, -1432265834L, 1274654452L, 
-1836957563L, -1668635185L, -1806602040L, 394320230L, -1493615725L, 
951936245L, 181851346L, 1795179296L, -1505551607L, -38560709L, 
-1152646772L, -591652838L, -593976177L, -1128846375L, 243764334L, 
431288316L, 1697662317L, 1887297303L, -1428799776L, 874462398L, 
-251135349L, -2024648435L, -1054730950L, 1150752120L, -1541136607L, 
-1285834797L, -831643916L, 1909948290L, 171329047L, 358001889L, 
-1439974874L, 926399268L, 456979413L, 941466495L, 1425311256L, 
-1230369482L, 1127596995L, -1679496699L, -297291358L, 1448433040L, 
1649300793L, 89874923L, -93642020L, 104367882L, 672745983L, 1884692553L, 
